-2.95312 0.000163133 0  
-2.85938 0.000281318 0  
-2.76562 0.000476672 0  
-2.67188 0.000793612 0  
-2.57812 0.00129826 0  
-2.48438 0.00208681 0  
-2.39062 0.00329586 0  
-2.29688 0.00511471 0  
-2.20312 0.007799 0  
-2.10938 0.0116848 0  
-2.01562 0.0172018 0  
-1.92188 0.0248822 0  
-1.82812 0.0353647 0  
-1.73438 0.0493876 0  
-1.64062 0.067769 0  
-1.54688 0.0913714 0  
-1.45312 0.121047 0  
-1.35938 0.157568 0  
-1.26562 0.201532 0  
-1.17188 0.253272 0  
-1.07812 0.312749 0  
-0.984375 0.379465 0  
-0.890625 0.452389 0  
-0.796875 0.52993 0  
-0.703125 0.609946 0  
-0.609375 0.689811 0  
-0.515625 0.766539 0  
-0.421875 0.83696 0  
-0.328125 0.897927 0  
-0.234375 0.94655 0  
-0.140625 0.980419 0  
-0.046875 0.997805 0  
0.046875 0.997805 0  
0.140625 0.980419 0  
0.234375 0.94655 0  
0.328125 0.897927 0  
0.421875 0.83696 0  
0.515625 0.766539 0  
0.609375 0.689811 0  
0.703125 0.609946 0  
0.796875 0.52993 0  
0.890625 0.452389 0  
0.984375 0.379465 0  
1.07812 0.312749 0  
1.17188 0.253272 0  
1.26562 0.201532 0  
1.35938 0.157568 0  
1.45312 0.121047 0  
1.54688 0.0913714 0  
1.64062 0.067769 0  
1.73438 0.0493876 0  
1.82812 0.0353647 0  
1.92188 0.0248822 0  
2.01562 0.0172018 0  
2.10938 0.0116848 0  
2.20312 0.007799 0  
2.29688 0.00511471 0  
2.39062 0.00329586 0  
2.48438 0.00208681 0  
2.57812 0.00129826 0  
2.67188 0.000793612 0  
2.76562 0.000476672 0  
2.85938 0.000281318 0  
2.95312 0.000163133 0  
3.04688 9.29501e-05 0  
3.14062 5.20386e-05 0  
3.23438 2.86264e-05 0  
3.32812 1.5473e-05 0  
3.42188 8.21763e-06 0  
3.51562 4.2883e-06 0  
3.60938 2.19882e-06 0  
3.70312 1.1078e-06 0  
3.79688 5.48401e-07 0  
3.89062 2.66748e-07 0  
3.98438 1.27488e-07 0  
4.07812 5.98692e-08 0  
4.17188 2.76251e-08 0  
4.26562 1.25248e-08 0  
4.35938 5.57959e-09 0  
4.45312 2.44231e-09 0  
4.54688 1.05042e-09 0  
4.64062 4.4391e-10 0  
4.73438 1.84328e-10 0  
4.82812 7.52059e-11 0  
4.92188 3.01495e-11 0  
5.01562 1.18761e-11 0  
5.10938 4.59656e-12 0  
5.20312 1.74807e-12 0  
5.29688 6.53205e-13 0  
5.39062 2.39832e-13 0  
5.48438 8.65227e-14 0  
5.57812 3.06704e-14 0  
5.67188 1.06825e-14 0  
5.76562 3.65591e-15 0  
5.85938 1.22937e-15 0  
5.95312 4.06195e-16 0  
6.04688 1.31872e-16 0  
6.14062 4.20667e-17 0  
6.23438 1.31853e-17 0  
6.32812 4.06074e-18 0  
6.42188 1.22882e-18 0  
6.51562 3.65373e-19 0  
6.60938 1.06746e-19 0  
6.70312 3.06429e-20 0  
6.79688 8.64324e-21 0  
6.89062 2.39546e-21 0  
6.98438 6.52328e-22 0  
7.07812 1.74546e-22 0  
7.17188 4.58902e-23 0  
7.26562 1.18548e-23 0  
7.35938 3.0091e-24 0  
7.45312 7.50489e-25 0  
7.54688 1.83915e-25 0  
7.64062 4.4285e-26 0  
7.73438 1.04776e-26 0  
7.82812 2.43575e-27 0  
7.92188 5.56379e-28 0  
8.01562 1.24874e-28 0  
8.10938 2.75386e-29 0  
8.20312 5.96729e-30 0  
8.29688 1.27051e-30 0  
8.39062 2.65794e-31 0  
8.48438 5.46358e-32 0  
8.57812 1.10351e-32 0  
8.67188 2.18998e-33 0  
8.76562 4.27042e-34 0  
8.85938 8.18213e-35 0  
8.95312 1.54038e-35 0  


-2.95312 -4.09398e-05 1  
-2.85938 -4.53031e-06 1  
-2.76562 0.000429701 1  
-2.67188 0.000528673 1  
-2.57812 0.00022968 1  
-2.48438 3.74948e-05 1  
-2.39062 1.01681e-05 1  
-2.29688 2.34771e-05 1  
-2.20312 4.4858e-05 1  
-2.10938 7.52504e-05 1  
-2.01562 0.000112548 1  
-1.92188 0.000148622 1  
-1.82812 0.000165345 1  
-1.73438 0.000130068 1  
-1.64062 -8.31061e-06 1  
-1.54688 -0.000320719 1  
-1.45312 -0.000893843 1  
-1.35938 -0.00181703 1  
-1.26562 -0.00315637 1  
-1.17188 -0.00491302 1  
-1.07812 -0.0069647 1  
-0.984375 -0.00899307 1  
-0.890625 -0.0104041 1  
-0.796875 -0.010254 1  
-0.703125 -0.00719812 1  
-0.609375 0.000517024 1  
-0.515625 0.0149995 1  
-0.421875 0.038581 1  
-0.328125 0.0736045 1  
-0.234375 0.122142 1  
-0.140625 0.185666 1  
-0.046875 0.264718 1  
0.046875 0.358625 1  
0.140625 0.465309 1  
0.234375 0.581256 1  
0.328125 0.701643 1  
0.421875 0.820652 1  
0.515625 0.931935 1  
0.609375 1.02918 1  
0.703125 1.10671 1  
0.796875 1.16 1  
0.890625 1.18617 1  
0.984375 1.18417 1  
1.07812 1.15485 1  
1.17188 1.1008 1  
1.26562 1.02605 1  
1.35938 0.935571 1  
1.45312 0.834812 1  
1.54688 0.729189 1  
1.64062 0.623668 1  
1.73438 0.522441 1  
1.82812 0.428736 1  
1.92188 0.344748 1  
2.01562 0.271677 1  
2.10938 0.209854 1  
2.20312 0.158914 1  
2.29688 0.117991 1  
2.39062 0.0859088 1  
2.48438 0.0613449 1  
2.57812 0.0429657 1  
2.67188 0.0295197 1  
2.76562 0.0198972 1  
2.85938 0.0131583 1  
2.95312 0.00853832 1  
3.04688 0.00543682 1  
3.14062 0.00339742 1  
3.23438 0.00208361 1  
3.32812 0.00125421 1  
3.42188 0.000741043 1  
3.51562 0.000429791 1  
3.60938 0.000244701 1  
3.70312 0.000136774 1  
3.79688 7.50544e-05 1  
3.89062 4.0437e-05 1  
3.98438 2.13909e-05 1  
4.07812 1.11107e-05 1  
4.17188 5.66682e-06 1  
4.26562 2.83814e-06 1  
4.35938 1.39586e-06 1  
4.45312 6.74179e-07 1  
4.54688 3.1978e-07 1  
4.64062 1.48964e-07 1  
4.73438 6.8152e-08 1  
4.82812 3.06235e-08 1  
4.92188 1.35151e-08 1  
5.01562 5.8585e-09 1  
5.10938 2.49439e-09 1  
5.20312 1.04319e-09 1  
5.29688 4.28541e-10 1  
5.39062 1.72926e-10 1  
5.48438 6.8545e-11 1  
5.57812 2.66899e-11 1  
5.67188 1.0209e-11 1  
5.76562 3.8361e-12 1  
5.85938 1.41604e-12 1  
5.95312 5.13504e-13 1  
6.04688 1.82939e-13 1  
6.14062 6.40272e-14 1  
6.23438 2.20154e-14 1  
6.32812 7.43702e-15 1  
6.42188 2.46823e-15 1  
6.51562 8.04808e-16 1  
6.60938 2.57825e-16 1  
6.70312 8.11495e-17 1  
6.79688 2.50947e-17 1  
6.89062 7.62457e-18 1  
6.98438 2.27611e-18 1  
7.07812 6.676e-19 1  
7.17188 1.92394e-19 1  
7.26562 5.44777e-20 1  
7.35938 1.51567e-20 1  
7.45312 4.14335e-21 1  
7.54688 1.11292e-21 1  
7.64062 2.93724e-22 1  
7.73438 7.61707e-23 1  
7.82812 1.94092e-23 1  
7.92188 4.85964e-24 1  
8.01562 1.19558e-24 1  
8.10938 2.89022e-25 1  
8.20312 6.86543e-26 1  
8.29688 1.60246e-26 1  
8.39062 3.67532e-27 1  
8.48438 8.28307e-28 1  
8.57812 1.83433e-28 1  
8.67188 3.99197e-29 1  
8.76562 8.52042e-30 1  
8.85938 1.86862e-30 1  
8.95312 1.54038e-35 1  


-2.95312 -0.00386655 2  
-2.85938 -0.00319395 2  
-2.76562 0.00961725 2  
-2.67188 0.0110108 2  
-2.57812 -0.00458014 2  
-2.48438 -0.0109441 2  
-2.39062 -0.00296256 2  
-2.29688 0.0035989 2  
-2.20312 0.00336111 2  
-2.10938 0.00125334 2  
-2.01562 0.000242807 2  
-1.92188 4.7346e-05 2  
-1.82812 5.06497e-05 2  
-1.73438 6.87976e-05 2  
-1.64062 7.1944e-05 2  
-1.54688 4.03577e-05 2  
-1.45312 -5.0202e-05 2  
-1.35938 -0.000221303 2  
-1.26562 -0.00047886 2  
-1.17188 -0.00079506 2  
-1.07812 -0.00108876 2  
-0.984375 -0.00121153 2  
-0.890625 -0.000949539 2  
-0.796875 -5.28205e-05 2  
-0.703125 0.00169952 2  
-0.609375 0.00439711 2  
-0.515625 0.00787089 2  
-0.421875 0.0115682 2  
-0.328125 0.0144722 2  
-0.234375 0.0151155 2  
-0.140625 0.0117325 2  
-0.046875 0.00257376 2  
0.046875 -0.0136303 2  
0.140625 -0.0371175 2  
0.234375 -0.0665577 2  
0.328125 -0.0986669 2  
0.421875 -0.128109 2  
0.515625 -0.147787 2  
0.609375 -0.149555 2  
0.703125 -0.125305 2  
0.796875 -0.0682666 2  
0.890625 0.0256854 2  
0.984375 0.156975 2  
1.07812 0.321739 2  
1.17188 0.511857 2  
1.26562 0.715648 2  
1.35938 0.919119 2  
1.45312 1.1076 2  
1.54688 1.26747 2  
1.64062 1.38774 2  
1.73438 1.46115 2  
1.82812 1.48484 2  
1.92188 1.46029 2  
2.01562 1.39274 2  
2.10938 1.29032 2  
2.20312 1.16277 2  
2.29688 1.02032 2  
2.39062 0.872623 2  
2.48438 0.727952 2  
2.57812 0.592729 2  
2.67188 0.471344 2  
2.76562 0.366243 2  
2.85938 0.278192 2  
2.95312 0.20665 2  
3.04688 0.150175 2  
3.14062 0.1068 2  
3.23438 0.074349 2  
3.32812 0.0506791 2  
3.42188 0.0338324 2  
3.51562 0.0221249 2  
3.60938 0.0141763 2  
3.70312 0.00890136 2  
3.79688 0.00547815 2  
3.89062 0.00330495 2  
3.98438 0.00195484 2  
4.07812 0.00113379 2  
4.17188 0.000644882 2  
4.26562 0.000359757 2  
4.35938 0.000196864 2  
4.45312 0.000105681 2  
4.54688 5.56592e-05 2  
4.64062 2.87629e-05 2  
4.73438 1.45854e-05 2  
4.82812 7.25817e-06 2  
4.92188 3.54482e-06 2  
5.01562 1.69922e-06 2  
5.10938 7.99506e-07 2  
5.20312 3.69266e-07 2  
5.29688 1.67428e-07 2  
5.39062 7.45271e-08 2  
5.48438 3.25701e-08 2  
5.57812 1.39754e-08 2  
5.67188 5.8881e-09 2  
5.76562 2.43594e-09 2  
5.85938 9.89605e-10 2  
5.95312 3.948e-10 2  
6.04688 1.54678e-10 2  
6.14062 5.95162e-11 2  
6.23438 2.24911e-11 2  
6.32812 8.3478e-12 2  
6.42188 3.04321e-12 2  
6.51562 1.08969e-12 2  
6.60938 3.83266e-13 2  
6.70312 1.32414e-13 2  
6.79688 4.49384e-14 2  
6.89062 1.49817e-14 2  
6.98438 4.90656e-15 2  
7.07812 1.57861e-15 2  
7.17188 4.98955e-16 2  
7.26562 1.54935e-16 2  
7.35938 4.72658e-17 2  
7.45312 1.41665e-17 2  
7.54688 4.1716e-18 2  
7.64062 1.20691e-18 2  
7.73438 3.43077e-19 2  
7.82812 9.58196e-20 2  
7.92188 2.62949e-20 2  
8.01562 7.09006e-21 2  
8.10938 1.87843e-21 2  
8.20312 4.89004e-22 2  
8.29688 1.25086e-22 2  
8.39062 3.14404e-23 2  
8.48438 7.76528e-24 2  
8.57812 1.88458e-24 2  
8.67188 4.49504e-25 2  
8.76562 1.0506e-25 2  
8.85938 2.5476e-26 2  
8.95312 1.54038e-35 2  


-2.95312 -0.154758 3  
-2.85938 -0.145144 3  
-2.76562 0.384946 3  
-2.67188 0.446642 3  
-2.57812 -0.311146 3  
-2.48438 -0.563058 3  
-2.39062 0.0283806 3  
-2.29688 0.397318 3  
-2.20312 0.161456 3  
-2.10938 -0.119588 3  
-2.01562 -0.127171 3  
-1.92188 -0.0240799 3  
-1.82812 0.0246135 3  
-1.73438 0.0201191 3  
-1.64062 0.00732162 3  
-1.54688 0.00158879 3  
-1.45312 0.00025125 3  
-1.35938 -1.5782e-06 3  
-1.26562 -0.000195949 3  
-1.17188 -0.000466746 3  
-1.07812 -0.000755691 3  
-0.984375 -0.000923248 3  
-0.890625 -0.000767188 3  
-0.796875 -7.40295e-05 3  
-0.703125 0.00128283 3  
-0.609375 0.00321282 3  
-0.515625 0.0052863 3  
-0.421875 0.00668435 3  
-0.328125 0.00628972 3  
-0.234375 0.00296592 3  
-0.140625 -0.00398477 3  
-0.046875 -0.0142752 3  
0.046875 -0.0261729 3  
0.140625 -0.0363482 3  
0.234375 -0.0402343 3  
0.328125 -0.0329942 3  
0.421875 -0.0110074 3  
0.515625 0.0264332 3  
0.609375 0.0756968 3  
0.703125 0.128211 3  
0.796875 0.17112 3  
0.890625 0.189357 3  
0.984375 0.168913 3  
1.07812 0.100634 3  
1.17188 -0.0163291 3  
1.26562 -0.172418 3  
1.35938 -0.34763 3  
1.45312 -0.513831 3  
1.54688 -0.639132 3  
1.64062 -0.693497 3  
1.73438 -0.654394 3  
1.82812 -0.5113 3  
1.92188 -0.268053 3  
2.01562 0.0573897 3  
2.10938 0.435714 3  
2.20312 0.830868 3  
2.29688 1.20556 3  
2.39062 1.52658 3  
2.48438 1.76894 3  
2.57812 1.91832 3  
2.67188 1.97163 3  
2.76562 1.93577 3  
2.85938 1.82528 3  
2.95312 1.65922 3  
3.04688 1.45819 3  
3.14062 1.2417 3  
3.23438 1.02628 3  
3.32812 0.824468 3  
3.42188 0.644537 3  
3.51562 0.490809 3  
3.60938 0.36436 3  
3.70312 0.263884 3  
3.79688 0.186565 3  
3.89062 0.128831 3  
3.98438 0.0869344 3  
4.07812 0.0573496 3  
4.17188 0.0370003 3  
4.26562 0.0233542 3  
4.35938 0.014426 3  
4.45312 0.0087231 3  
4.54688 0.00516481 3  
4.64062 0.00299501 3  
4.73438 0.00170136 3  
4.82812 0.000946976 3  
4.92188 0.00051654 3  
5.01562 0.000276164 3  
5.10938 0.000144743 3  
5.20312 7.43808e-05 3  
5.29688 3.74814e-05 3  
5.39062 1.85233e-05 3  
5.48438 8.97889e-06 3  
5.57812 4.2695e-06 3  
5.67188 1.99172e-06 3  
5.76562 9.11632e-07 3  
5.85938 4.09441e-07 3  
5.95312 1.80461e-07 3  
6.04688 7.80605e-08 3  
6.14062 3.31413e-08 3  
6.23438 1.38111e-08 3  
6.32812 5.64994e-09 3  
6.42188 2.26903e-09 3  
6.51562 8.94637e-10 3  
6.60938 3.4633e-10 3  
6.70312 1.31642e-10 3  
6.79688 4.91339e-11 3  
6.89062 1.80084e-11 3  
6.98438 6.48185e-12 3  
7.07812 2.29123e-12 3  
7.17188 7.95439e-13 3  
7.26562 2.71225e-13 3  
7.35938 9.08356e-14 3  
7.45312 2.98814e-14 3  
7.54688 9.65565e-15 3  
7.64062 3.06487e-15 3  
7.73438 9.55665e-16 3  
7.82812 2.92737e-16 3  
7.92188 8.80928e-17 3  
8.01562 2.60439e-17 3  
8.10938 7.56462e-18 3  
8.20312 2.15871e-18 3  
8.29688 6.05252e-19 3  
8.39062 1.66735e-19 3  
8.48438 4.51308e-20 3  
8.57812 1.20027e-20 3  
8.67188 3.13738e-21 3  
8.76562 8.02513e-22 3  
8.85938 2.15513e-22 3  
8.95312 1.54038e-35 3  



# Cartesian 1D, 18 steps, 0.000783 CPU, 0.000777 real, 2.97e+06 points.step/s, 2 var
