-2.95312 0.000163133 0  
-2.85938 0.000281318 0  
-2.76562 0.000476672 0  
-2.67188 0.000793612 0  
-2.57812 0.00129826 0  
-2.48438 0.00208681 0  
-2.39062 0.00329586 0  
-2.29688 0.00511471 0  
-2.20312 0.007799 0  
-2.10938 0.0116848 0  
-2.01562 0.0172018 0  
-1.92188 0.0248822 0  
-1.82812 0.0353647 0  
-1.73438 0.0493876 0  
-1.64062 0.067769 0  
-1.54688 0.0913714 0  
-1.45312 0.121047 0  
-1.35938 0.157568 0  
-1.26562 0.201532 0  
-1.17188 0.253272 0  
-1.07812 0.312749 0  
-0.984375 0.379465 0  
-0.890625 0.452389 0  
-0.796875 0.52993 0  
-0.703125 0.609946 0  
-0.609375 0.689811 0  
-0.515625 0.766539 0  
-0.421875 0.83696 0  
-0.328125 0.897927 0  
-0.234375 0.94655 0  
-0.140625 0.980419 0  
-0.046875 0.997805 0  
0.046875 0.997805 0  
0.140625 0.980419 0  
0.234375 0.94655 0  
0.328125 0.897927 0  
0.421875 0.83696 0  
0.515625 0.766539 0  
0.609375 0.689811 0  
0.703125 0.609946 0  
0.796875 0.52993 0  
0.890625 0.452389 0  
0.984375 0.379465 0  
1.07812 0.312749 0  
1.17188 0.253272 0  
1.26562 0.201532 0  
1.35938 0.157568 0  
1.45312 0.121047 0  
1.54688 0.0913714 0  
1.64062 0.067769 0  
1.73438 0.0493876 0  
1.82812 0.0353647 0  
1.92188 0.0248822 0  
2.01562 0.0172018 0  
2.10938 0.0116848 0  
2.20312 0.007799 0  
2.29688 0.00511471 0  
2.39062 0.00329586 0  
2.48438 0.00208681 0  
2.57812 0.00129826 0  
2.67188 0.000793612 0  
2.76562 0.000476672 0  
2.85938 0.000281318 0  
2.95312 0.000163133 0  
3.04688 9.29501e-05 0  
3.14062 5.20386e-05 0  
3.23438 2.86264e-05 0  
3.32812 1.5473e-05 0  
3.42188 8.21763e-06 0  
3.51562 4.2883e-06 0  
3.60938 2.19882e-06 0  
3.70312 1.1078e-06 0  
3.79688 5.48401e-07 0  
3.89062 2.66748e-07 0  
3.98438 1.27488e-07 0  
4.07812 5.98692e-08 0  
4.17188 2.76251e-08 0  
4.26562 1.25248e-08 0  
4.35938 5.57959e-09 0  
4.45312 2.44231e-09 0  
4.54688 1.05042e-09 0  
4.64062 4.4391e-10 0  
4.73438 1.84328e-10 0  
4.82812 7.52059e-11 0  
4.92188 3.01495e-11 0  
5.01562 1.18761e-11 0  
5.10938 4.59656e-12 0  
5.20312 1.74807e-12 0  
5.29688 6.53205e-13 0  
5.39062 2.39832e-13 0  
5.48438 8.65227e-14 0  
5.57812 3.06704e-14 0  
5.67188 1.06825e-14 0  
5.76562 3.65591e-15 0  
5.85938 1.22937e-15 0  
5.95312 4.06195e-16 0  
6.04688 1.31872e-16 0  
6.14062 4.20667e-17 0  
6.23438 1.31853e-17 0  
6.32812 4.06074e-18 0  
6.42188 1.22882e-18 0  
6.51562 3.65373e-19 0  
6.60938 1.06746e-19 0  
6.70312 3.06429e-20 0  
6.79688 8.64324e-21 0  
6.89062 2.39546e-21 0  
6.98438 6.52328e-22 0  
7.07812 1.74546e-22 0  
7.17188 4.58902e-23 0  
7.26562 1.18548e-23 0  
7.35938 3.0091e-24 0  
7.45312 7.50489e-25 0  
7.54688 1.83915e-25 0  
7.64062 4.4285e-26 0  
7.73438 1.04776e-26 0  
7.82812 2.43575e-27 0  
7.92188 5.56379e-28 0  
8.01562 1.24874e-28 0  
8.10938 2.75386e-29 0  
8.20312 5.96729e-30 0  
8.29688 1.27051e-30 0  
8.39062 2.65794e-31 0  
8.48438 5.46358e-32 0  
8.57812 1.10351e-32 0  
8.67188 2.18998e-33 0  
8.76562 4.27042e-34 0  
8.85938 8.18213e-35 0  
8.95312 1.54038e-35 0  


-2.95312 0.000151241 1  
-2.85938 0.000141563 1  
-2.76562 -5.80084e-05 1  
-2.67188 -7.81096e-06 1  
-2.57812 0.000561203 1  
-2.48438 0.000506135 1  
-2.39062 3.82876e-06 1  
-2.29688 5.45306e-06 1  
-2.20312 6.44607e-06 1  
-2.10938 5.01589e-06 1  
-2.01562 -2.24827e-06 1  
-1.92188 -2.10802e-05 1  
-1.82812 -6.0107e-05 1  
-1.73438 -0.000130841 1  
-1.64062 -0.000246346 1  
-1.54688 -0.000417464 1  
-1.45312 -0.000645158 1  
-1.35938 -0.000907289 1  
-1.26562 -0.00113823 1  
-1.17188 -0.00120029 1  
-1.07812 -0.000846974 1  
-0.984375 0.000319732 1  
-0.890625 0.00289377 1  
-0.796875 0.00770359 1  
-0.703125 0.015835 1  
-0.609375 0.0286268 1  
-0.515625 0.0476272 1  
-0.421875 0.074503 1  
-0.328125 0.110897 1  
-0.234375 0.15824 1  
-0.140625 0.217526 1  
-0.046875 0.289087 1  
0.046875 0.372379 1  
0.140625 0.465842 1  
0.234375 0.566834 1  
0.328125 0.671698 1  
0.421875 0.775944 1  
0.515625 0.874556 1  
0.609375 0.962391 1  
0.703125 1.03462 1  
0.796875 1.08718 1  
0.890625 1.11714 1  
0.984375 1.12296 1  
1.07812 1.10465 1  
1.17188 1.06371 1  
1.26562 1.00293 1  
1.35938 0.926149 1  
1.45312 0.837809 1  
1.54688 0.742592 1  
1.64062 0.645022 1  
1.73438 0.549148 1  
1.82812 0.458311 1  
1.92188 0.375013 1  
2.01562 0.300887 1  
2.10938 0.236746 1  
2.20312 0.182696 1  
2.29688 0.138289 1  
2.39062 0.102683 1  
2.48438 0.0747998 1  
2.57812 0.0534595 1  
2.67188 0.0374893 1  
2.76562 0.0257974 1  
2.85938 0.0174205 1  
2.95312 0.0115449 1  
3.04688 0.00750906 1  
3.14062 0.00479372 1  
3.23438 0.00300382 1  
3.32812 0.00184761 1  
3.42188 0.00111558 1  
3.51562 0.000661245 1  
3.60938 0.000384783 1  
3.70312 0.000219824 1  
3.79688 0.000123299 1  
3.89062 6.79017e-05 1  
3.98438 3.67159e-05 1  
4.07812 1.94937e-05 1  
4.17188 1.01627e-05 1  
4.26562 5.20257e-06 1  
4.35938 2.61534e-06 1  
4.45312 1.29107e-06 1  
4.54688 6.25887e-07 1  
4.64062 2.97972e-07 1  
4.73438 1.39315e-07 1  
4.82812 6.39691e-08 1  
4.92188 2.88473e-08 1  
5.01562 1.27764e-08 1  
5.10938 5.55759e-09 1  
5.20312 2.37438e-09 1  
5.29688 9.96332e-10 1  
5.39062 4.10636e-10 1  
5.48438 1.66232e-10 1  
5.57812 6.6097e-11 1  
5.67188 2.58147e-11 1  
5.76562 9.90317e-12 1  
5.85938 3.73173e-12 1  
5.95312 1.38127e-12 1  
6.04688 5.02211e-13 1  
6.14062 1.79365e-13 1  
6.23438 6.29269e-14 1  
6.32812 2.16864e-14 1  
6.42188 7.34168e-15 1  
6.51562 2.44154e-15 1  
6.60938 7.97623e-16 1  
6.70312 2.55976e-16 1  
6.79688 8.07e-17 1  
6.89062 2.49933e-17 1  
6.98438 7.60417e-18 1  
7.07812 2.27281e-18 1  
7.17188 6.67358e-19 1  
7.26562 1.92505e-19 1  
7.35938 5.45529e-20 1  
7.45312 1.51875e-20 1  
7.54688 4.15386e-21 1  
7.64062 1.11613e-21 1  
7.73438 2.94634e-22 1  
7.82812 7.64103e-23 1  
7.92188 1.94683e-23 1  
8.01562 4.87317e-24 1  
8.10938 1.19841e-24 1  
8.20312 2.89542e-25 1  
8.29688 6.87277e-26 1  
8.39062 1.60276e-26 1  
8.48438 3.67216e-27 1  
8.57812 8.26601e-28 1  
8.67188 1.82807e-28 1  
8.76562 3.97141e-29 1  
8.85938 8.58172e-30 1  
8.95312 1.54038e-35 1  


-2.95312 9.90454e-05 2  
-2.85938 0.00013001 2  
-2.76562 0.000958972 2  
-2.67188 0.000723099 2  
-2.57812 -0.00297499 2  
-2.48438 -0.00227933 2  
-2.39062 0.00651462 2  
-2.29688 0.00537005 2  
-2.20312 -0.00716986 2  
-2.10938 -0.00613507 2  
-2.01562 0.00401991 2  
-1.92188 0.00361728 2  
-1.82812 1.0454e-06 2  
-1.73438 -1.33014e-07 2  
-1.64062 -3.18777e-06 2  
-1.54688 -9.02477e-06 2  
-1.45312 -1.81144e-05 2  
-1.35938 -2.95896e-05 2  
-1.26562 -3.99306e-05 2  
-1.17188 -4.14542e-05 2  
-1.07812 -2.11781e-05 2  
-0.984375 3.89349e-05 2  
-0.890625 0.000158958 2  
-0.796875 0.000353694 2  
-0.703125 0.000620014 2  
-0.609375 0.000919053 2  
-0.515625 0.00115572 2  
-0.421875 0.00116107 2  
-0.328125 0.000686298 2  
-0.234375 -0.000580377 2  
-0.140625 -0.00296243 2  
-0.046875 -0.00670112 2  
0.046875 -0.0118183 2  
0.140625 -0.0179465 2  
0.234375 -0.0241519 2  
0.328125 -0.0287872 2  
0.421875 -0.0294213 2  
0.515625 -0.0228912 2  
0.609375 -0.00550905 2  
0.703125 0.026566 2  
0.796875 0.076816 2  
0.890625 0.147772 2  
0.984375 0.240428 2  
1.07812 0.353774 2  
1.17188 0.484536 2  
1.26562 0.62721 2  
1.35938 0.774408 2  
1.45312 0.917506 2  
1.54688 1.04749 2  
1.64062 1.15592 2  
1.73438 1.23579 2  
1.82812 1.28233 2  
1.92188 1.29336 2  
2.01562 1.26946 2  
2.10938 1.21376 2  
2.20312 1.1314 2  
2.29688 1.02891 2  
2.39062 0.913453 2  
2.48438 0.792083 2  
2.57812 0.671172 2  
2.67188 0.555976 2  
2.76562 0.450397 2  
2.85938 0.35694 2  
2.95312 0.276811 2  
3.04688 0.210124 2  
3.14062 0.156162 2  
3.23438 0.113654 2  
3.32812 0.0810182 2  
3.42188 0.056579 2  
3.51562 0.0387145 2  
3.60938 0.0259602 2  
3.70312 0.0170616 2  
3.79688 0.0109917 2  
3.89062 0.00694231 2  
3.98438 0.00429915 2  
4.07812 0.00261065 2  
4.17188 0.0015547 2  
4.26562 0.000908063 2  
4.35938 0.000520232 2  
4.45312 0.000292365 2  
4.54688 0.000161189 2  
4.64062 8.71885e-05 2  
4.73438 4.62728e-05 2  
4.82812 2.4097e-05 2  
4.92188 1.2314e-05 2  
5.01562 6.17534e-06 2  
5.10938 3.03927e-06 2  
5.20312 1.46807e-06 2  
5.29688 6.96015e-07 2  
5.39062 3.23893e-07 2  
5.48438 1.4795e-07 2  
5.57812 6.63407e-08 2  
5.67188 2.9202e-08 2  
5.76562 1.26191e-08 2  
5.85938 5.35357e-09 2  
5.95312 2.22984e-09 2  
6.04688 9.11873e-10 2  
6.14062 3.66132e-10 2  
6.23438 1.44343e-10 2  
6.32812 5.58757e-11 2  
6.42188 2.12388e-11 2  
6.51562 7.92736e-12 2  
6.60938 2.90556e-12 2  
6.70312 1.04579e-12 2  
6.79688 3.69641e-13 2  
6.89062 1.28306e-13 2  
6.98438 4.37379e-14 2  
7.07812 1.46426e-14 2  
7.17188 4.81431e-15 2  
7.26562 1.5546e-15 2  
7.35938 4.93032e-16 2  
7.45312 1.53572e-16 2  
7.54688 4.69828e-17 2  
7.64062 1.41176e-17 2  
7.73438 4.1666e-18 2  
7.82812 1.20784e-18 2  
7.92188 3.43917e-19 2  
8.01562 9.61867e-20 2  
8.10938 2.64241e-20 2  
8.20312 7.13044e-21 2  
8.29688 1.89002e-21 2  
8.39062 4.92103e-22 2  
8.48438 1.25861e-22 2  
8.57812 3.16208e-23 2  
8.67188 7.80387e-24 2  
8.76562 1.89149e-24 2  
8.85938 4.57346e-25 2  
8.95312 1.54038e-35 2  


-2.95312 0.000373073 3  
-2.85938 0.000208088 3  
-2.76562 -0.00460005 3  
-2.67188 -0.00318825 3  
-2.57812 0.0217816 3  
-2.48438 0.0164514 3  
-2.39062 -0.0615397 3  
-2.29688 -0.0482791 3  
-2.20312 0.123007 3  
-2.10938 0.0997358 3  
-2.01562 -0.173106 3  
-1.92188 -0.144306 3  
-1.82812 0.167153 3  
-1.73438 0.143061 3  
-1.64062 -0.0999321 3  
-1.54688 -0.0876478 3  
-1.45312 0.0288483 3  
-1.35938 0.0259545 3  
-1.26562 -4.77914e-06 3  
-1.17188 -8.53082e-06 3  
-1.07812 -1.15261e-05 3  
-0.984375 -1.06172e-05 3  
-0.890625 -1.18026e-06 3  
-0.796875 2.16861e-05 3  
-0.703125 6.03897e-05 3  
-0.609375 0.000110477 3  
-0.515625 0.000155567 3  
-0.421875 0.000163786 3  
-0.328125 8.91413e-05 3  
-0.234375 -0.000118233 3  
-0.140625 -0.000490202 3  
-0.046875 -0.0010079 3  
0.046875 -0.00156478 3  
0.140625 -0.00193914 3  
0.234375 -0.00179552 3  
0.328125 -0.000735377 3  
0.421875 0.00158976 3  
0.515625 0.0053062 3  
0.609375 0.0101154 3  
0.703125 0.0151161 3  
0.796875 0.0187264 3  
0.890625 0.0187833 3  
0.984375 0.0128738 3  
1.07812 -0.00109969 3  
1.17188 -0.0241846 3  
1.26562 -0.0556144 3  
1.35938 -0.0922055 3  
1.45312 -0.128117 3  
1.54688 -0.155129 3  
1.64062 -0.163509 3  
1.73438 -0.143381 3  
1.82812 -0.0864099 3  
1.92188 0.0125167 3  
2.01562 0.153944 3  
2.10938 0.33315 3  
2.20312 0.540269 3  
2.29688 0.761269 3  
2.39062 0.979621 3  
2.48438 1.17839 3  
2.57812 1.34235 3  
2.67188 1.45983 3  
2.76562 1.5239 3  
2.85938 1.53291 3  
2.95312 1.49015 3  
3.04688 1.40301 3  
3.14062 1.28165 3  
3.23438 1.13756 3  
3.32812 0.982156 3  
3.42188 0.825689 3  
3.51562 0.676461 3  
3.60938 0.540467 3  
3.70312 0.421371 3  
3.79688 0.320749 3  
3.89062 0.238495 3  
3.98438 0.173297 3  
4.07812 0.123102 3  
4.17188 0.0855161 3  
4.26562 0.0581133 3  
4.35938 0.0386428 3  
4.45312 0.0251499 3  
4.54688 0.0160244 3  
4.64062 0.00999758 3  
4.73438 0.00610889 3  
4.82812 0.00365647 3  
4.92188 0.00214421 3  
5.01562 0.00123209 3  
5.10938 0.000693832 3  
5.20312 0.000382964 3  
5.29688 0.000207209 3  
5.39062 0.000109915 3  
5.48438 5.71677e-05 3  
5.57812 2.91563e-05 3  
5.67188 1.4583e-05 3  
5.76562 7.15371e-06 3  
5.85938 3.44209e-06 3  
5.95312 1.62464e-06 3  
6.04688 7.52253e-07 3  
6.14062 3.41726e-07 3  
6.23438 1.5231e-07 3  
6.32812 6.661e-08 3  
6.42188 2.85852e-08 3  
6.51562 1.2038e-08 3  
6.60938 4.97517e-09 3  
6.70312 2.018e-09 3  
6.79688 8.03368e-10 3  
6.89062 3.13913e-10 3  
6.98438 1.204e-10 3  
7.07812 4.53295e-11 3  
7.17188 1.6753e-11 3  
7.26562 6.07824e-12 3  
7.35938 2.16497e-12 3  
7.45312 7.57059e-13 3  
7.54688 2.59912e-13 3  
7.64062 8.76103e-14 3  
7.73438 2.89954e-14 3  
7.82812 9.42242e-15 3  
7.92188 3.00653e-15 3  
8.01562 9.41999e-16 3  
8.10938 2.8982e-16 3  
8.20312 8.75606e-17 3  
8.29688 2.59778e-17 3  
8.39062 7.56868e-18 3  
8.48438 2.16556e-18 3  
8.57812 6.085e-19 3  
8.67188 1.67921e-19 3  
8.76562 4.54931e-20 3  
8.85938 1.2341e-20 3  
8.95312 1.54038e-35 3  



# Cartesian 1D, 18 steps, 0.000759 CPU, 0.000754 real, 3.06e+06 points.step/s, 2 var
